Score Matrix:
0	-2	-4	-6	-8	-10	-12
-2	1	-1	-3	-5	-7	-9
-4	-1	0	-2	-4	-6	-6
-6	-3	-2	-1	-1	-3	-5
-8	-5	-2	-1	-2	-2	-4
-10	-7	-4	-3	0	-2	-3
-12	-9	-6	-5	-2	1	-1
-14	-11	-8	-7	-4	-1	2

Traceback Matrix:
[]	[(0, 0)]	[(0, 1)]	[(0, 2)]	[(0, 3)]	[(0, 4)]	[(0, 5)]
[(0, 0)]	[(0, 0)]	[(1, 1)]	[(1, 2)]	[(1, 3)]	[(0, 4), (1, 4)]	[(1, 5)]
[(1, 0)]	[(1, 1)]	[(1, 1)]	[(1, 2), (2, 2)]	[(1, 3), (2, 3)]	[(1, 4), (2, 4)]	[(1, 5)]
[(2, 0)]	[(2, 1)]	[(2, 1), (2, 2)]	[(2, 2)]	[(2, 3)]	[(3, 4)]	[(3, 5)]
[(3, 0)]	[(3, 1)]	[(3, 1)]	[(3, 2)]	[(3, 3)]	[(3, 4)]	[(3, 5), (4, 5)]
[(4, 0)]	[(4, 1)]	[(4, 2)]	[(4, 2), (4, 3)]	[(4, 3)]	[(5, 4)]	[(4, 5)]
[(5, 0)]	[(5, 0), (5, 1)]	[(5, 2)]	[(5, 2), (5, 3)]	[(5, 4)]	[(5, 4)]	[(6, 5)]
[(6, 0)]	[(6, 1)]	[(6, 2)]	[(6, 2), (6, 3)]	[(6, 4)]	[(6, 5)]	[(6, 5)]

Final Score: 2
Number of Optimal Alignments: 2

Optimal Alignments:
Alignment 1:
ACTGTAC
A-GGTAC

Alignment 2:
ACTGTAC
AG-GTAC

